21.04848113	8.301620178
0.10406135	3.760417937
-1.636027839	5.401319323
4.733560277	3.842079821
2.774023444	3.679265784
17.49846273	6.071160471
23.95615713	5.61371441
8.585972975	4.277318033
18.33954771	8.773617725
20.42736054	15.5139015
22.97348098	11.42473891
6.132787821	11.60410468
17.60402602	10.21806683
19.33873623	10.73069884
25.73396156	15.18167667
7.104666227	7.154272522
5.044673322	2.661257565
5.422764776	7.28707348
4.826655303	9.183576216
6.336710331	0.942818835
1.213532419	4.91285917
19.52178572	15.66873772
25.0387493	13.95325604
10.57293725	3.608517309
16.58478985	10.18621185
3.187034496	8.812043916
0.336496561	1.515168509
2.240886167	0.113943235
17.39398433	6.388445791
0.432511027	1.702234113
22.2009774	11.77683876
17.85332829	15.16178543
18.5706997	9.584229723
21.80515219	11.54455131
19.24663071	5.091517826
23.4743362	15.59384163
25.84568254	10.29984795
6.228077473	6.571871031
22.91653107	6.002354647
11.4112614	5.890943537
20.4573064	6.062482468
8.814802055	4.636094201
24.85358584	5.846874668
7.0309314	10.35611567
21.61039485	13.48712782
17.94456537	8.93029275
-0.092400649	9.604087949
14.83910397	11.29896124
15.05817442	9.797866427
4.389483304	5.152177189
5.035840461	7.026985441
4.435165049	5.887912609
0.138559309	10.1617165
24.4094732	11.49628803
-0.23272964	4.980156782
25.5556251	9.722093857
24.83948587	9.720995782
22.68083419	12.62958188
20.32732546	4.885663815
-0.285345598	9.428589954
16.49442444	12.88634693
22.71808041	16.08862117
10.28044749	3.918603049
21.52082528	5.888694461
21.54541875	15.64021136
25.98670876	6.414756954
5.843875682	-0.015238745
7.014974455	6.766105204
5.092033301	5.993239426
17.78377269	14.66726678
2.042902066	11.39185693
15.66314231	14.06721606
1.177104636	4.033431935
22.18912751	5.769202982
6.279856248	12.32001449
15.70814924	11.99923369
14.80343499	3.746863749
6.404379357	3.766667698
9.617173432	2.126242717
-1.566200461	6.85283409
10.40345089	5.405213517
17.49700761	7.672400124
9.140392418	8.045620258
0.12037058	-1.36097664
26.09366424	6.975029239
7.949866795	10.314522
11.29999916	7.819600869
5.171137274	0.339165174
26.30052979	11.70080447
2.146628055	8.926708386
6.910631986	3.124985141
23.60056862	14.14659821
2.587318343	4.76974734
18.22263993	12.09443273
22.48397344	10.78272559
5.115529842	7.547041041
6.671948939	2.190917114
8.206309189	5.797751635
7.216955006	9.560921637
9.358678586	9.667827856
8.537976038	4.928285157
22.9334962	10.52820118
21.58837904	7.936035054
1.695641413	12.14756252
23.79665153	6.111604506
18.47572798	6.802846103
3.410169985	11.2686945
2.248287073	0.425118458
17.11749466	10.71257235
4.795480587	2.887254579
3.842638318	4.544013113
20.89342041	4.947711016
25.15433064	14.26301253
22.77206355	6.936644832
24.44670754	15.5224286
4.955107853	11.3797431
16.42040885	9.666249981
20.84061722	10.0951746
21.60964451	16.84855428
22.82591492	11.95788768
20.50637158	8.19903814
25.67310769	6.834014432
5.371508249	2.924791493
5.230722177	12.17453036
26.17717039	12.50099608
9.258589416	7.241421811
3.634789694	1.238777031
5.813519718	5.282786676
14.99200597	3.784039616
25.18492358	14.81749297
25.83979585	8.414660747
4.846825126	5.97428876
25.05517933	6.946689011
18.99531768	8.731894359
0.007054196	-1.490502335
21.93774399	6.877985058
6.303364802	8.056335281
19.91612066	13.93522526
0.292363004	5.681924975
7.065187322	6.379594437
21.37405737	15.44223937
11.77085739	13.98790187
16.39312423	13.20780883
19.03830471	6.209605434
15.84096463	10.47074879
23.98565315	12.34282702
25.91776305	10.13695678
1.15887329	4.813591301
27.48148608	10.50365817
26.20156193	10.75499388
1.868949478	10.44937047
0.895701088	5.684622184
5.367907287	11.97497306
17.79257914	4.90147121
25.68284423	14.56134233
20.28755721	14.19193528
5.135359061	2.777702575
7.260278378	12.2732418
7.048244769	1.554360499
2.112331779	5.567256024
26.91176687	13.65563215
21.89239675	11.92677267
10.78349484	7.685323291
21.46380941	6.177932621
6.053791171	8.1755449
18.46297299	4.86862094
4.587277924	3.286802429
21.2455895	12.22602745
25.26338893	9.881940341
8.013596929	2.012389246
18.54384061	8.043083415
10.24041154	3.128844679
8.975557952	11.5251915
10.55801902	4.270916415
23.43238328	15.24811556
15.78063304	9.270937006
1.682604662	8.89547177
6.374507866	8.012381619
8.051303	5.659059984
3.790534082	9.858791821
1.241992645	2.912038056
19.9566417	7.919598992
1.349434152	5.841101499
8.669398925	1.007886796
9.309503097	10.66901106
16.54609938	8.858045192
10.29178546	2.615646467
6.318440359	10.78135704
11.14391817	6.354191901
5.309513977	0.564345943
17.99904705	11.62438286
10.79042833	9.122189511
2.452783029	7.701882612
1.828893202	7.115585049
6.253920424	10.39685438
4.477693602	0.9747244
27.17027134	8.574394808
25.57083111	6.962995011
23.08220755	7.431114441
6.018590371	6.991710898
3.205922007	0.773208632
25.13646136	14.20044903
19.93292538	13.39736773
18.7452412	13.43881115
16.17730739	9.49826979
4.267378238	3.39148614
10.44534848	3.569011124
21.15927352	11.40654114
24.76510611	6.438236911
18.73020882	15.19784249
26.89776187	13.71666678
7.78559444	12.24877446
19.70551988	7.756896058
22.22154015	10.6796249
8.642788181	4.278083974
22.30156615	5.839474596
8.965012104	8.308286358
9.987443775	3.828733755
23.97280922	13.68653915
7.139524011	0.145766126
7.272133474	0.759044303
25.45470615	15.35481835
-0.260553481	7.636863342
2.451657159	10.65412377
22.44331732	10.00772443
-0.175072556	10.64472049
18.23205921	15.64524546
26.12845016	7.745755627
4.29678702	10.36698199
4.210745965	-0.071854796
2.042950287	8.051779558
23.3983062	12.45451748
10.88029809	8.180723092
3.056463064	9.172561565
2.87488921	4.396160375
2.800802195	9.994212236
5.915195743	7.7605771
2.593885282	11.04553419
2.336155969	3.850385771
26.60106919	7.7236583
8.259148575	1.683042174
19.94104338	13.15251277
11.41434791	5.596777237
25.73854475	8.132238844
26.87403514	10.82627138
26.13297757	9.548626889
16.28500214	14.38245807
1.617917451	8.476995917
25.45860832	14.34665442
21.23797702	9.53899507
1.34065835	10.54118417
25.16748778	6.04584826
17.2590121	12.12640311
22.76810988	5.281645463
28.42151692	16.49092593
6.58760552	1.773220864
6.081066741	4.101528237
15.04346608	12.55039604
6.767942131	1.970304319
24.01766011	9.260662247
25.86111467	13.33322488
3.533615096	10.22199423
0.433126231	2.969736397
6.938041585	7.299894783
18.49827288	7.056357028
20.38543864	13.30360244
18.77767886	12.09260521
4.462626977	4.891924706
22.8836117	12.31300441
2.04397018	10.44340788
3.298672207	7.545440126
21.19646453	9.08275831
21.45425487	12.81320992
7.375351296	11.93836115
24.95465552	7.199029442
-0.174328765	5.595044509
2.478391299	1.057853898
2.173992104	9.14679296
10.52173406	9.384542111
4.680539501	10.23263817
23.90736959	16.24487674
24.07543026	16.32344534
10.45901941	4.061932842
16.64970372	11.97922951
4.469044078	3.899806367
22.54668869	11.5364991
10.46039416	9.760583582
6.236052226	1.41304124
0.21750991	8.905592202
6.284021593	8.565768954
20.30872254	4.426433754
23.39564578	4.721095114
2.479413453	10.67458635
3.386471947	3.833768546
6.283736195	5.081486408
8.194838356	10.11538265
6.270613137	0.361957614
9.328899111	6.097392812
25.21240132	7.192136225
19.90640101	11.37485988
17.54874509	6.770724194
21.56657925	6.296864915
25.35076438	10.66765135
21.999072	4.681243109
23.03490771	12.57584091
11.82501017	13.84640048
4.986795132	8.197044866
19.98177094	12.49534541
24.22148062	6.872595962
1.804338048	6.80018568
8.098796171	8.799414814
-0.531475089	7.956386395
5.576122102	5.170441535
6.047227075	3.744638355
17.55136296	7.275978682
4.124686005	11.60449975
22.30074109	11.97528575
27.48622072	9.317784665
20.93053791	11.65686974
23.19798741	12.63630146
22.52921656	8.722670268
18.65188707	10.21402495
5.730374521	8.251498382
21.21751549	11.59925029
20.81989829	16.45440033
16.82224584	8.84795933
27.17227075	9.274976764
3.919666842	12.28617394
21.15761117	6.415478824
7.840687485	5.937980829
2.869679573	2.106376469
19.11805124	12.55180251
26.56719772	12.06548628
24.55717838	9.009045189
10.5433937	8.178551312
25.37017158	12.13212914
22.83200117	14.6833314
16.09198247	8.694164655
25.38792941	12.64507932
6.567113931	9.280514835
24.076731	4.710236162
23.53264329	12.78146386
6.902859729	10.69479301
19.29549277	13.38483451
22.46480245	12.25422396
20.05671497	9.911808377
-0.755648512	8.450666222
20.99494933	7.393209412
20.65865536	7.227756946
8.485740416	4.115607903
8.150929882	7.702401418
2.208023762	7.490058264
4.002833325	11.44314452
24.24761801	12.59188998
5.121372518	11.56465534
27.08326311	8.795116192
20.1571653	5.17117461
10.66162355	6.691237427
3.768318057	12.25279543
-0.232877443	7.927156154
17.95121025	13.67355257
24.98077413	14.02239857
22.73674968	6.982039082
19.89998308	8.871988812
23.18341254	6.41891055
23.95902923	7.087334113
25.10393772	7.088326258
2.445284648	2.826919759
6.17907889	5.477413377
24.4259094	7.232745173
18.8328969	9.543780532
19.85784567	15.98025818
23.51349895	12.30333352
19.1829261	5.076660054
24.59296186	5.501784174
6.004869228	5.447288109
24.25968742	9.25724698
24.40900383	12.25010888
23.29402595	15.93204796
21.43183888	15.11579774
5.943746414	3.143520731
-1.327759311	8.91454437
21.62085102	10.65833548
6.688548721	7.48382866
5.750478128	6.95021169
3.665127455	8.550599305
3.058743536	1.900426142
6.876924953	6.072316185
9.08694186	5.233174891
22.87821416	10.41021064
6.73204754	11.65117784
9.008059969	5.998810988
0.232313044	1.686087649
24.47591478	10.49919804
17.53152457	13.2986021
25.1135001	14.89878959
7.165704055	0.510938793
7.249120657	2.094433215
15.99867939	8.474477711
24.51029438	15.21373085
22.26573274	12.56973821
19.78667416	7.170286218
14.64505604	11.40637755
10.26776795	6.777284509
17.16562791	14.74915785
8.124828475	12.05384147
16.61323228	14.54357828
3.544438214	4.362285168
6.057123909	9.566991936
24.68307563	7.309959372
16.54674271	6.428036693
0.943655075	4.681617491
2.208175295	4.512869039
18.03121692	10.42218971
6.67731629	5.044692876
6.836019004	7.449390134
15.08943035	8.033791002
4.009971648	12.52867336
7.691757225	2.208741544
1.104549581	6.074224762
11.07514997	8.142482811
3.854684486	2.526560864
18.64920354	6.96104988
18.07483178	14.58978727
21.72716652	11.43085947
-0.220470086	6.153543285
2.070578588	6.004607518
15.09545494	7.733577627
21.99022212	16.63253761
7.587396096	1.393580781
22.30644122	16.5725224
10.94980235	7.87067888
22.85153954	13.482166
22.12059202	12.18558184
4.477274132	11.76656921
20.06871673	7.632111814
24.86051495	13.85152014
21.35929677	4.872341573
5.26784591	4.543163399
23.842927	15.33088282
8.811914287	9.936780508
4.867403387	8.26342928
25.02525033	5.540914007
22.24294464	12.55464885
5.038934648	10.25489342
16.03251901	11.6780878
1.934882766	9.58354593
4.355376628	1.770115153
6.941156576	0.622643901
20.43835256	13.37872428
2.803623682	4.368042193
-0.023044018	8.235862602
2.911344181	5.906506205
4.800580697	8.218065721
1.966340877	5.123638191
19.54727774	13.24290882
18.11989615	11.34729553
7.205455131	4.957807464
9.776366321	6.915092431
0.650428735	3.30285279
26.6438152	12.48130294
3.708626321	8.737365463
18.84513991	11.78028452
17.4723047	12.12131946
11.79842847	13.82496337
26.83818394	8.536615774
6.138871544	8.952619623
6.407685214	3.364984106
0.42297449	5.128515018
1.133084803	0.866163046
6.43807342	6.794277545
24.45306193	9.071812558
22.56496976	5.586343045
10.11512821	7.278163332
14.47981718	11.01155636
1.299332916	3.251204859
20.35958214	4.430580425
5.033519634	0.166927176
4.418162692	10.73157586
5.141925447	4.967866167
19.26557171	5.094078117
1.444344278	6.581041196
27.59159145	11.96556763
26.823649	9.68643614
19.98359946	10.97163847
16.65254082	14.32496631
22.9193165	10.56324408
24.12116507	15.97967149
20.91445615	9.226631101
7.335601318	10.67362578
3.079223589	1.889152403
26.48197657	14.18447018
6.445325311	6.597977134
20.81773598	12.2519795
16.19019339	13.36185645
25.69229721	12.72319344
-0.773843721	4.048812765
15.48842434	9.203646045
0.331916142	4.216628254
22.09772385	15.09784716
20.44813394	14.78536327
6.939936968	9.309879803
-0.512413543	8.236838388
28.52817411	16.32186917
7.03901919	4.787341874
16.77670101	12.28898799
27.38049231	11.09374796
15.00504113	10.91643292
19.4126084	5.121208809
17.1728834	8.506757906
8.25731879	11.66316445
22.84289715	14.08074211
16.22290504	11.94699139
16.30894543	8.469819818
5.557835919	1.382935704
5.347323778	11.39365222
21.01043657	5.939160805
15.55002952	7.807472891
5.978996281	4.078531719
9.461516732	5.472966528
7.030735137	4.242641107
20.482188	13.1520072
3.661760033	6.223679154
7.825281007	9.910357842
0.367201805	7.423815304
3.148571697	4.576021525
3.687926907	10.92274669
19.29418315	14.22329074
1.443601582	6.541292737
8.288213176	9.168830595
4.031586762	8.466692801
26.68635159	11.58434762
2.947664981	1.417013738
14.60868016	10.57365452
20.42648961	10.86547609
17.43741828	15.42731645
2.00296432	12.21938413
8.463498732	8.636041338
23.03257164	5.260217672
0.292569722	6.87091151
25.44423303	6.230211533
22.09661424	12.36934743
18.8870111	7.370286345
-1.229619707	8.279200773
16.04268614	11.83146759
4.520508063	8.046802176
2.740111635	10.44378544
22.85522912	8.343188566
7.476104529	3.360475058
5.772509749	10.73187056
6.96314686	6.453370321
1.8429637	4.547778993
5.971150727	10.47959494
23.13851992	15.26372488
4.354175362	4.185246016
14.9617845	3.736632468
8.634438018	10.66180736
15.24712508	9.816968594
19.60506926	9.670573242
22.29044305	7.757846743
22.75533428	16.79370524
5.578407992	6.860159423
1.008566328	10.33816842
1.360965438	7.937892998
17.79306478	14.11243432
24.30385804	6.866808607
23.26469403	6.538553724
6.303405554	2.722441173
24.65373552	10.07117583
5.312570924	2.724323222
15.67051317	9.960537641
28.58818554	16.47437719
16.14593418	14.37060409
20.2021535	13.62168693
21.10897472	7.482404363
7.824604086	10.1327112
21.1583495	3.922443025
5.059019458	0.442841618
0.182948588	5.704841116
7.523516081	3.084883571
25.30982989	8.648732681
24.02646901	14.896379
17.94407571	7.639738669
17.29731495	12.32701581
1.610461928	2.767992134
3.660569001	0.113789865
-1.148993125	6.110656524
-0.15935706	4.741680914
20.92477196	4.937981611
2.391765066	5.126882679
21.89841336	16.07701771
0.832158709	7.877116522
7.46712738	11.37371953
1.697068376	8.45170336
23.05273153	5.441105367
1.036338508	9.361796434
5.767999321	10.01362074
18.76861508	12.34352678
27.75831744	10.41227657
7.926103046	4.568963829
20.11420074	11.41270084
2.139627537	11.29909579
0.076279969	-1.423567454
3.616256863	7.307353262
7.248102113	9.239077632
14.7132048	10.68264037
21.35217582	4.111928656
2.619967308	5.98098883
15.83158173	10.58429043
8.788185296	3.15668577
19.61909601	12.37741239
9.417249893	10.50675207
28.50629476	16.40778849
27.02489529	11.37626124
5.060840962	7.073119275
26.99585966	12.66676456
2.035230672	5.195999236
3.75522843	4.528540097
9.428848246	2.825960641
1.299709485	2.864613201
4.304845661	4.053999654
20.44249672	11.00463881
9.529451999	6.409052409
1.546265333	5.893906219
16.31716859	6.513623892
8.507249767	3.664209088
2.60786262	8.299538992
20.51192535	5.823563548
19.79935615	6.015868376
21.97084135	11.49543456
-0.668955216	7.811243135
7.384679103	2.408215285
3.191201459	10.11932071
0.063432596	-1.44424013
1.427186501	1.209786439
20.73914187	15.32202388
20.44752724	13.24965324
19.37244187	11.07765115
8.391850133	3.380147788
25.92239535	11.81345034
-0.832595036	4.061072852
1.247577357	11.22850838
25.07746498	8.489107444
6.205925937	8.710013358
1.334090151	8.70339356
-0.364057001	9.392241432
16.75146597	7.258800145
10.27829393	5.082041469
-1.509213324	5.606279494
24.4528709	12.49717925
9.187982718	1.962242967
18.13648179	16.35198139
17.33702164	8.519081578
-0.136555705	10.41988699
9.796606931	5.531355689
22.53619427	6.863615738
5.247440927	11.17349327
11.14174326	4.181264171
10.13220615	2.355634949
-0.997244218	6.571718978
0.502351665	8.899213542
21.81084369	6.952059903
26.65610069	6.677666104
23.33622302	14.75491712
7.591181563	6.29953298
19.4150818	12.73053331
14.95693593	3.774582633
27.46059485	8.382748013
22.6035154	15.6838367
4.791645869	3.826487982
3.574285647	4.491928371
23.26279489	15.76932086
3.017000821	0.760621344
7.75597031	9.315693514
-0.461217247	10.26750455
18.88052244	7.33729608
7.945719892	7.126418116
5.671563078	12.32702122
16.02466028	7.750962255
17.83096528	12.73741171
4.480981695	2.721147255
2.174461443	1.33472739
21.11639172	3.913761496
6.589867364	9.195933884
19.47437012	11.21540789
4.751379674	-0.27154585
3.275186044	5.952917861
7.130880656	0.614837423
24.60182497	5.83780458
4.935000819	10.4643512
23.72723472	13.93335445
3.053609524	-0.13591889
11.71074264	13.8437901
26.92165473	9.606887615
24.86012729	5.978944412
26.40402065	11.74771924
1.061594348	8.462473209
21.54199845	16.05065848
16.14521968	14.67990576
19.60452596	6.774062507
2.736657684	10.62305541
16.01112341	7.797488784
23.92980395	8.795234428
0.117360038	8.314379902
21.80315339	3.831983089
1.552541275	9.382085054
-1.254709634	4.225354582
21.46696609	5.857264696
0.291777337	6.929962778
8.440420146	7.591974349
26.00278549	11.39677306
4.626559698	8.91777848
2.939671101	11.40751421
2.425685159	4.919935109
-1.099999057	7.60751844
7.617558396	11.19398112
24.21689026	8.493901401
3.73661945	6.346673015
21.29854682	12.2199398
17.82434339	9.433817795
5.480773285	2.89384601
16.93208846	15.5919457
25.4362092	9.142628288
25.0669068	10.79120466
26.24503217	9.192375949
8.825503915	7.819428715
8.980114816	3.603269079
7.197711645	10.35353335
25.8783838	6.69206894
6.106626894	1.772765818
25.10377823	11.90907722
22.95902315	15.04369526
17.14930981	14.53589315
17.96525267	13.36522102
0.419216909	2.744667461
20.8656931	16.92220571
2.129110999	7.625713502
26.42475892	6.72022711
8.193607149	9.652828652
18.77249347	10.43562658
26.56975257	14.22367018
5.841880653	10.69287643
8.569816485	11.2496653
7.935090028	2.036489835
10.68906133	4.90499028
22.22816107	15.10501659
2.323015591	11.59177673
6.301759334	12.39886189
10.29783294	7.184991034
3.699387595	1.490674376
5.497165988	6.36344936
2.955167441	12.05728033
25.50595138	10.32350779
3.40939662	8.054231311
7.012649398	9.860436558
16.55011589	14.24717005
17.75459144	8.533124303
5.253675788	11.33462069
23.99546174	8.046754808
6.720884603	2.634393427
20.91111688	10.50457785
4.571017579	0.348838712
23.80033268	5.460526
20.71231758	7.654703838
17.56266717	11.80336121
26.77791967	8.985788686
18.43272959	6.862586144
3.520106454	3.294729745
8.179476446	10.50786193
0.26214344	7.130030189
3.383384492	9.004325772
8.655601129	7.669893859
-1.3693237	5.10901322
0.838571079	10.77548305
3.1220868	11.7415736
4.544119869	8.705998702
9.01442326	8.017738023
8.982578013	8.423417961
26.48504512	9.149258919
23.18052897	12.19749987
9.217587181	6.94815006
5.597051271	9.450293972
21.21312134	8.381921643
18.83515489	9.892194411
20.51457134	9.593453516
2.579187529	12.00723289
25.89726327	7.559823524
24.77439144	10.96050698
-0.00329621	10.57466387
25.7655317	11.94482043
19.30247605	14.97557557
6.148343783	7.308626044
16.40646453	9.674178884
20.15832255	14.83416124
18.44646671	8.200906606
6.525606931	6.245820831
18.57957585	7.938821603
4.594831313	7.054196573
6.620217136	12.0639259
2.537692733	0.754782106
20.33757837	9.459147119
21.16764867	15.69048337
16.98906984	5.284301611
4.025917378	2.897290399
18.05300684	4.776773408
20.32904844	9.21869164
15.68442295	10.12404066
21.40923792	15.82329684
1.743320084	10.17477166
6.899370848	3.362970905
8.958126388	7.018315242
25.23445858	12.41918911
2.858881516	1.406846558
6.788420393	12.39618296
19.28067358	7.237215128
1.803309457	2.235643777
20.18113149	12.61017707
11.00832907	8.478557815
18.8429933	16.6111737
9.522220493	9.560148208
15.90828527	6.238852344
23.56164286	8.119719648
3.519531005	1.072054463
9.900096966	9.979526475
3.319445918	4.961506139
3.757545928	9.760455359
17.92890668	15.79522447
5.847797287	2.496470443
18.073242	16.03765599
20.49679186	12.67836264
25.16395462	12.92593317
25.03164166	10.67435235
24.15315389	5.918830815
19.45577925	15.00637885
19.21631277	6.154657953
19.67576285	14.58276943
9.560087145	5.927009865
9.684132468	1.765843879
19.68205972	11.48235421
2.797114193	9.55572196
16.41561254	13.84127176
15.919612	13.21366811
3.390785106	7.122787167
25.54560996	6.703954395
8.439717717	1.068217548
25.38582176	7.22194284
3.636718978	2.835398818
7.378594051	2.127526664
21.74023285	16.90605662
6.15034445	4.428298675
7.884652607	6.552381762
4.786348531	6.688304641
27.36897094	10.93941789
21.10348972	13.68948787
3.84052022	5.531156572
10.47371262	3.997276355
22.80142999	10.52043481
6.107604178	0.290337691
4.86415372	-0.254455912
5.830323172	9.621655237
3.572491171	3.488175477
18.16734888	13.86589882
7.843961341	1.957563648
19.10153793	8.448800672
20.09204837	11.99889034
2.507664092	10.87447616
8.796232239	3.629389407
21.23548541	8.498851865
24.90552809	11.05885174
7.232246734	3.451299086
23.3159011	9.675919964
9.868888278	5.641947757
3.000843187	4.040653737
8.338650795	10.07163006
4.411929862	1.635815098
-0.614453662	7.067519286
9.336722255	2.386722843
4.203806594	8.353188483
2.572277909	6.68314616
17.00259988	12.00732548
0.73653771	2.112133657
6.776592152	7.148182608
18.65134207	15.18932011
7.365058579	1.873468074
16.23090987	12.53433375
14.6184807	11.14886762
6.423409351	4.075649071
21.96350242	16.25563515
1.532300642	1.46508427
15.80713315	8.076022474
-0.467530922	9.188127543
27.51404898	8.618365658
2.025145036	4.63083796
25.67609791	11.63200845
23.77594417	12.91837882
5.534532263	9.441829015
20.06859789	13.09797312
3.188910993	7.246011958
23.21596585	5.165163631
3.741236811	11.66308825